

n = 1; 
A = pi*((10*10^-6)*100)^2; %cm^2
D = 1*10^-5; %cm^2 / sec
C = (50*10^-6)/1000; %mol/mL
v = 10000; %Volt/sec


i_p=(2.69*10^5)*n^(3/2)*A*D^(1/2)*C*v^(1/2)

